Paper: Title..., arXiv:251X.XXXXX
Authors: Högås M., Mörtsell E., Desmond H., Riess A.
Table: I
================================================================================
Byte-by-byte description of file: Table_I.txt
--------------------------------------------------------------------------------
Format Units Label    Explanations
--------------------------------------------------------------------------------
A5     ---   Field    Observed field
F11.8  dex   Phi_low  Lower bound of external potential
F11.8  dex   Phi_mean Mean external potential
F11.8  dex   Phi_high Upper bound of external potential
F12.8  dex   a_low    Lower bound of external acceleration
F12.8  dex   a_mean   Mean external acceleration
F12.8  dex   a_high   Upper bound of external acceleration
F12.8  dex   K_low    Lower bound of external curvature
F12.8  dex   K_mean   Mean external curvature
F12.8  dex   K_high   Upper bound of external curvature
F4.1   Mpc   Rmax     Cutoff radius
--------------------------------------------------------------------------------
Field       Phi_low   Phi_mean   Phi_high      a_low     a_mean     a_high       K_low      K_mean      K_high   Rmax
MW         -8.13459   -8.10186   -7.98460  -15.47101  -15.47101  -15.24390   -55.18168   -55.18168   -54.92407    0.4
MW         -7.17619   -7.11031   -7.03258  -15.50283  -15.43570  -15.06776   -55.12629   -55.06870   -54.88683    1.4
MW         -6.37760   -6.25161   -6.16684  -15.47042  -15.40738  -15.05367   -55.09812   -55.06162   -54.88800    5.1
MW         -5.05243   -5.01439   -4.83746  -15.13284  -15.04541  -14.90973   -54.99160   -54.95923   -54.83115   18.1
MW         -4.19264   -4.16011   -4.10560  -14.63373  -14.55172  -14.46275   -54.90405   -54.87651   -54.77314   50.0
LMC        -8.13459   -8.10186   -7.98460  -15.47101  -15.47101  -15.24390   -55.18168   -55.18168   -54.92407    0.4
LMC        -7.17619   -7.11031   -7.03258  -15.50283  -15.43570  -15.06776   -55.12629   -55.06870   -54.88683    1.4
LMC        -6.37760   -6.25161   -6.16684  -15.47042  -15.40738  -15.05367   -55.09812   -55.06162   -54.88800    5.1
LMC        -5.05243   -5.01439   -4.83746  -15.13284  -15.04541  -14.90973   -54.99160   -54.95923   -54.83115   18.1
LMC        -4.19264   -4.16011   -4.10560  -14.63373  -14.55172  -14.46275   -54.90405   -54.87651   -54.77314   50.0
SMC        -8.13459   -8.10186   -7.98460  -15.47101  -15.47101  -15.24390   -55.18168   -55.18168   -54.92407    0.4
SMC        -7.17619   -7.11031   -7.03258  -15.50283  -15.43570  -15.06776   -55.12629   -55.06870   -54.88683    1.4
SMC        -6.37760   -6.25161   -6.16684  -15.47042  -15.40738  -15.05367   -55.09812   -55.06162   -54.88800    5.1
SMC        -5.05243   -5.01439   -4.83746  -15.13284  -15.04541  -14.90973   -54.99160   -54.95923   -54.83115   18.1
SMC        -4.19264   -4.16011   -4.10560  -14.63373  -14.55172  -14.46275   -54.90405   -54.87651   -54.77314   50.0
N4258      -8.20234   -8.18763   -8.05972  -15.03720  -14.99419  -14.87299   -54.97918   -54.79423   -54.70672    0.4
N4258      -6.78816   -6.68095   -6.41047  -15.10449  -15.04273  -14.91536   -54.82536   -54.72541   -54.61011    1.4
N4258      -5.78954   -5.73093   -5.65403  -15.02214  -14.96469  -14.85175   -54.74616   -54.66901   -54.55799    5.1
N4258      -4.74686   -4.68366   -4.58952  -14.64147  -14.59657  -14.49399   -54.69030   -54.58470   -54.52138   18.1
N4258      -4.15473   -4.11592   -4.09770  -14.43057  -14.38761  -14.35180   -54.65625   -54.56516   -54.52013   50.0
M31        -8.13459   -8.10186   -7.98460  -15.47101  -15.47101  -15.24390   -55.18168   -55.18168   -54.92407    0.4
M31        -7.17619   -7.11031   -7.03258  -15.50283  -15.43570  -15.06776   -55.12629   -55.06870   -54.88683    1.4
M31        -6.37760   -6.25161   -6.16684  -15.47042  -15.40738  -15.05367   -55.09812   -55.06162   -54.88800    5.1
M31        -5.05243   -5.01439   -4.83746  -15.13284  -15.04541  -14.90973   -54.99160   -54.95923   -54.83115   18.1
M31        -4.19264   -4.16011   -4.10560  -14.63373  -14.55172  -14.46275   -54.90405   -54.87651   -54.77314   50.0
M101       -8.38794   -8.28564   -8.20638  -15.32268  -15.07217  -15.00115   -55.11983   -55.11983   -54.93039    0.4
M101       -7.18860   -7.13499   -7.05949  -15.26059  -15.18000  -15.05494   -55.05222   -54.98427   -54.91891    1.4
M101       -5.95169   -5.91417   -5.81993  -15.13905  -15.09175  -15.00046   -55.01198   -54.98350   -54.85096    5.1
M101       -4.88135   -4.81164   -4.72826  -14.76489  -14.72136  -14.64706   -54.93262   -54.87852   -54.82823   18.1
M101       -4.17220   -4.14162   -4.08611  -14.48198  -14.43386  -14.37037   -54.83994   -54.79750   -54.72831   50.0
M1337      -8.49853   -8.36774   -8.11718  -15.98153  -15.41393  -14.96234   -55.13636   -54.94993   -54.93506    0.4
M1337      -6.96220   -6.75607   -6.64532  -15.69995  -15.49579  -15.22860   -55.06846   -54.83378   -54.49511    1.4
M1337      -6.01772   -5.92984   -5.72672  -15.58250  -15.42504  -15.08686   -54.94173   -54.82591   -54.49814    5.1
M1337      -4.68826   -4.59702   -4.48800  -15.34430  -15.06056  -14.90413   -54.82971   -54.73938   -54.43412   18.1
M1337      -3.96622   -3.94183   -3.90924  -14.72331  -14.63278  -14.50275   -54.63436   -54.63436   -54.37673   50.0
N0691      -9.10587   -8.86996   -8.86996  -16.72182  -16.52041  -15.88229   -55.77877   -55.52608   -55.42331    0.4
N0691      -6.59546   -6.33263   -6.16294  -15.03214  -14.81302  -14.61712   -54.48326   -54.06707   -53.84403    1.4
N0691      -6.23669   -6.10227   -5.99025  -15.08317  -14.73917  -14.59005   -54.46069   -54.08485   -53.86665    5.1
N0691      -5.45141   -5.42070   -5.31651  -15.13490  -14.76420  -14.56982   -54.43060   -54.19362   -53.97132   18.1
N0691      -4.14236   -4.11944   -4.09445  -15.12987  -15.01110  -14.85745   -54.43425   -54.12482   -53.93125   50.0
N1015      -8.75525   -8.62327   -8.62327  -15.96775  -15.83490  -15.62807   -55.57326   -55.39422   -55.39422    0.4
N1015      -7.65175   -7.51963   -7.51963  -15.96956  -15.83490  -15.56475   -55.57326   -55.39422   -55.39422    1.4
N1015      -6.34598   -6.29091   -6.20622  -15.82406  -15.78636  -15.63797   -55.51928   -55.34927   -55.28392    5.1
N1015      -5.27629   -5.24855   -5.18593  -15.63227  -15.45122  -15.32984   -55.31626   -55.22752   -55.19847   18.1
N1015      -4.24010   -4.21053   -4.19662  -15.44967  -15.34875  -15.18965   -55.18275   -55.11537   -55.08879   50.0
N105A      -8.57609   -8.42044   -8.42044  -15.87932  -15.76997  -15.50725   -55.35562   -55.24025   -55.01500    0.4
N105A      -7.47893   -7.31681   -7.31681  -15.87663  -15.64882  -15.45698   -55.35468   -55.24025   -55.01526    1.4
N105A      -6.36762   -6.21317   -6.21317  -15.89112  -15.89112  -15.51179   -55.35369   -55.24025   -55.01437    5.1
N105A      -5.04090   -5.00244   -4.93455  -15.17219  -15.03984  -14.97786   -55.17997   -55.09308   -54.87685   18.1
N105A      -4.09952   -4.08393   -4.05475  -14.73212  -14.72684  -14.67140   -55.00488   -54.97246   -54.79259   50.0
N1309      -8.65133   -8.61037   -8.47842  -15.54177  -15.45969  -15.29737   -55.49718   -55.42289   -55.16297    0.4
N1309      -7.55090   -7.37375   -7.37375  -15.54138  -15.28177  -15.28177   -55.49795   -55.42289   -55.16367    1.4
N1309      -6.26481   -6.20787   -6.12198  -15.55402  -15.42445  -15.24034   -55.45341   -55.13371   -55.11532    5.1
N1309      -5.22885   -5.11358   -4.97956  -15.08877  -14.99560  -14.92457   -55.31708   -55.31708   -55.05655   18.1
N1309      -4.28148   -4.26104   -4.22276  -15.05437  -14.96741  -14.84391   -55.18495   -55.18495   -54.96435   50.0
N1365      -7.05011   -6.61540   -6.45284  -15.09600  -14.98217  -14.61545   -54.44929   -54.09858   -53.57668    0.4
N1365      -6.11378   -5.95633   -5.52808  -14.74015  -14.42398  -14.11506   -54.07650   -53.47396   -53.28484    1.4
N1365      -5.61394   -5.52570   -5.41022  -14.78042  -14.64975  -14.45429   -54.21611   -53.93942   -53.79006    5.1
N1365      -4.96156   -4.90910   -4.78481  -14.72474  -14.60838  -14.29755   -54.12028   -53.99212   -53.83592   18.1
N1365      -4.19979   -4.16386   -4.13403  -14.71454  -14.59946  -14.42244   -54.13388   -53.96591   -53.83452   50.0
N1448      -8.44659   -8.39534   -8.29227  -15.76825  -15.55998  -15.32724   -55.05659   -55.03453   -54.85299    0.4
N1448      -7.21712   -7.12281   -7.03360  -15.72344  -15.26008  -15.21033   -55.05058   -55.02708   -54.82259    1.4
N1448      -5.85241   -5.79040   -5.62458  -15.41631  -15.13870  -15.08265   -54.88668   -54.88668   -54.81036    5.1
N1448      -5.02118   -4.96578   -4.84744  -15.14745  -14.87321  -14.70467   -54.76389   -54.76389   -54.72874   18.1
N1448      -4.18825   -4.14422   -4.12479  -14.93868  -14.85163  -14.71719   -54.80587   -54.69885   -54.65545   50.0
N1559      -8.67798   -8.67798   -8.53606  -15.65952  -15.42213  -15.42213   -55.51979   -55.51979   -55.33699    0.4
N1559      -7.35876   -7.12153   -6.91010  -15.70390  -15.61828  -15.35313   -55.44397   -55.44397   -55.29483    1.4
N1559      -6.05396   -5.92420   -5.85601  -15.33617  -15.16292  -15.03845   -55.30036   -55.26454   -55.09504    5.1
N1559      -5.10723   -4.99087   -4.94779  -15.01691  -14.94608  -14.83173   -55.15853   -55.09865   -55.00083   18.1
N1559      -4.15760   -4.11742   -4.07960  -14.70349  -14.65370  -14.56669   -55.04147   -54.97393   -54.92284   50.0
N2442      -8.75533   -8.63366   -8.59866  -15.83350  -15.83350  -15.27263   -55.35774   -55.35774   -54.77881    0.4
N2442      -6.92394   -6.76876   -6.45608  -15.80581  -15.35724  -15.32995   -55.17580   -55.01353   -54.60618    1.4
N2442      -6.16207   -6.07781   -5.87611  -15.68725  -15.61143  -15.24884   -55.08754   -54.97007   -54.59453    5.1
N2442      -5.05766   -4.92520   -4.87274  -15.54908  -15.31970  -15.13596   -55.02321   -54.91260   -54.74757   18.1
N2442      -4.08306   -4.05825   -4.02290  -14.70576  -14.60593  -14.52591   -54.93195   -54.87473   -54.67386   50.0
N2525      -8.82842   -8.72824   -8.59258  -15.67510  -15.50470  -15.14200   -55.44269   -55.14103   -54.89527    0.4
N2525      -6.88203   -6.74834   -6.54612  -15.55704  -15.39701  -15.29099   -55.08521   -54.94907   -54.83174    1.4
N2525      -6.35005   -6.23393   -6.17412  -15.53976  -15.45180  -15.34477   -55.13631   -54.93452   -54.72971    5.1
N2525      -5.01303   -4.95659   -4.78297  -14.96992  -14.88061  -14.73783   -54.97555   -54.89469   -54.81406   18.1
N2525      -4.11362   -4.09359   -4.05664  -14.59680  -14.51184  -14.45400   -54.90888   -54.82624   -54.70421   50.0
N2608      -9.08608   -8.95527   -8.69517  -16.16397  -15.89596  -15.89596   -55.70604   -55.58166   -55.54838    0.4
N2608      -7.02940   -6.75332   -6.58615  -15.78514  -15.36251  -15.11454   -54.89481   -54.70050   -54.47750    1.4
N2608      -6.37704   -6.28190   -6.19901  -15.80098  -15.42858  -15.21440   -54.88905   -54.63501   -54.44600    5.1
N2608      -5.50599   -5.48528   -5.37686  -15.93518  -15.59670  -15.33505   -54.92864   -54.62340   -54.45056   18.1
N2608      -4.21746   -4.17355   -4.15476  -14.88213  -14.80751  -14.70474   -54.83658   -54.69300   -54.40656   50.0
N3021      -8.82808   -8.63440   -8.61619  -15.55076  -14.96542  -14.91469   -54.95124   -54.76726   -54.34602    0.4
N3021      -7.72663   -7.59475   -7.51003  -15.55040  -15.45097  -14.91371   -54.94933   -54.76726   -54.35795    1.4
N3021      -6.47260   -6.31820   -6.25300  -15.53952  -15.44025  -14.76160   -54.94881   -54.76500   -54.36561    5.1
N3021      -5.26829   -5.20029   -5.17218  -15.32814  -15.25766  -14.69658   -54.71586   -54.36726   -54.30066   18.1
N3021      -4.18499   -4.15061   -4.11368  -14.70237  -14.65499  -14.54303   -54.73709   -54.73709   -54.27223   50.0
N3147      -8.52789   -8.48997   -8.39488  -15.39332  -15.02664  -14.84419   -54.73583   -54.60811   -54.45873    0.4
N3147      -6.27999   -5.82483   -5.25715  -14.89045  -14.68709  -14.04521   -54.34261   -54.09943   -53.52686    1.4
N3147      -5.78108   -5.61852   -5.20674  -14.83175  -14.35411  -14.12399   -54.33376   -54.05203   -53.61071    5.1
N3147      -5.10798   -5.04363   -4.89604  -14.97245  -14.70694  -13.92301   -54.38776   -54.13613   -53.41119   18.1
N3147      -4.29960   -4.27919   -4.22934  -15.03421  -14.90020  -14.10400   -54.35320   -54.01344   -53.55350   50.0
N3254      -8.80845   -8.56646   -8.56646  -15.73910  -15.37627  -15.37627   -55.26580   -55.14012   -55.14012    0.4
N3254      -7.70496   -7.46282   -7.46282  -15.78223  -15.37627  -15.37627   -55.25802   -55.14012   -55.14012    1.4
N3254      -6.30090   -6.25232   -6.17949  -15.46573  -15.32964  -15.27961   -55.27564   -55.15341   -55.15341    5.1
N3254      -4.90177   -4.80921   -4.78426  -14.83913  -14.74071  -14.68329   -55.29295   -55.06757   -54.95222   18.1
N3254      -4.14929   -4.08804   -4.07154  -14.51400  -14.45179  -14.40694   -55.09168   -54.90120   -54.86108   50.0
N3370      -8.48965   -8.38535   -8.38535  -15.39018  -15.38112  -15.23824   -55.32368   -55.19017   -55.19017    0.4
N3370      -7.40138   -7.28171   -7.28171  -15.41063  -15.41063  -15.23795   -55.32401   -55.24558   -55.20698    1.4
N3370      -6.02742   -5.95718   -5.90658  -15.28055  -15.22845  -15.15040   -55.28974   -55.19357   -55.12573    5.1
N3370      -4.62259   -4.53262   -4.46370  -14.60862  -14.51234  -14.40482   -54.95730   -54.95504   -54.91155   18.1
N3370      -4.08118   -4.04353   -4.01272  -14.42157  -14.34571  -14.33907   -54.87606   -54.83691   -54.82972   50.0
N3447      -8.17845   -8.15323   -8.11431  -14.88682  -14.87339  -14.82885   -54.75255   -54.59556   -54.55858    0.4
N3447      -6.96114   -6.91683   -6.82863  -14.88576  -14.86013  -14.81257   -54.71929   -54.52485   -54.51338    1.4
N3447      -5.76247   -5.73136   -5.67303  -14.87037  -14.85317  -14.80200   -54.68529   -54.53393   -54.49774    5.1
N3447      -4.56897   -4.52579   -4.43241  -14.50067  -14.42156  -14.32421   -54.60891   -54.44621   -54.42744   18.1
N3447      -4.08755   -4.02653   -4.00857  -14.37710  -14.34648  -14.25643   -54.56695   -54.43836   -54.40162   50.0
N3583      -8.94913   -8.74167   -8.74167  -16.32512  -16.32512  -15.72630   -55.72428   -55.52125   -55.43890    0.4
N3583      -7.84585   -7.63803   -7.63803  -16.29957  -15.78208  -15.72484   -55.72792   -55.50476   -55.43998    1.4
N3583      -6.48624   -6.39882   -6.33460  -15.91561  -15.65727  -15.63261   -55.63513   -55.42913   -55.33825    5.1
N3583      -5.20561   -5.16185   -5.11427  -15.39883  -15.38170  -15.27137   -55.37331   -55.27092   -55.24041   18.1
N3583      -4.26692   -4.22461   -4.18567  -14.78259  -14.72312  -14.63759   -55.19525   -55.11233   -55.09291   50.0
N3972      -7.57657   -7.34181   -7.14217  -15.15573  -15.07654  -14.94902   -54.11853   -53.95078   -53.78163    0.4
N3972      -6.79758   -6.68092   -6.57907  -15.14262  -15.06016  -14.90310   -54.10425   -53.91426   -53.74454    1.4
N3972      -5.71086   -5.64910   -5.55329  -14.96369  -14.88499  -14.81863   -54.11362   -53.95600   -53.74659    5.1
N3972      -4.76578   -4.73896   -4.67830  -14.90617  -14.82857  -14.77273   -54.08052   -53.93893   -53.77720   18.1
N3972      -4.19608   -4.16005   -4.12431  -14.70906  -14.60733  -14.52791   -54.09511   -53.99355   -53.75245   50.0
N3982      -8.26306   -8.24180   -8.06545  -15.21585  -14.99951  -14.99951   -55.03131   -54.74079   -54.70849    0.4
N3982      -7.02758   -6.94141   -6.89367  -15.22918  -15.20719  -15.08191   -55.06488   -54.75791   -54.69498    1.4
N3982      -5.78671   -5.71308   -5.61893  -15.05773  -14.98636  -14.91971   -54.97365   -54.70123   -54.65164    5.1
N3982      -4.78837   -4.74572   -4.69192  -14.84940  -14.77829  -14.72452   -54.86189   -54.63769   -54.60145   18.1
N3982      -4.19937   -4.16764   -4.12966  -14.62357  -14.53257  -14.47223   -54.81052   -54.61767   -54.56844   50.0
N4038      -8.51943   -8.40820   -8.27228  -15.39835  -15.36389  -15.20122   -55.40977   -55.34973   -54.94491    0.4
N4038      -7.35924   -7.30457   -7.17189  -15.45852  -15.36389  -15.03266   -55.34973   -55.34973   -54.94971    1.4
N4038      -5.72650   -5.16717   -4.85499  -14.93421  -14.54981  -14.31387   -55.16649   -54.80151   -54.61849    5.1
N4038      -4.63133   -4.51793   -4.39308  -14.63864  -14.56028  -14.23499   -54.95586   -54.72901   -54.52526   18.1
N4038      -4.01135   -3.96796   -3.91588  -14.62001  -14.41421  -14.19305   -54.81926   -54.69391   -54.58805   50.0
N4424      -8.03061   -7.90575   -7.88797  -14.99126  -14.82450  -14.73938   -54.57482   -54.36679   -54.34348    0.4
N4424      -6.46966   -6.37385   -6.27578  -14.87653  -14.77066  -14.66392   -54.35983   -54.27430   -54.20008    1.4
N4424      -5.26673   -5.16335   -4.98665  -14.56427  -14.37929  -14.22864   -54.25737   -54.16963   -54.06837    5.1
N4424      -4.49716   -4.45955   -4.31673  -14.37224  -14.26764  -14.11423   -54.21647   -54.14639   -54.03516   18.1
N4424      -4.03171   -3.98706   -3.94255  -14.29688  -14.17131  -14.03801   -54.19406   -54.08126   -54.01720   50.0
N4536      -8.16866   -8.01757   -7.97442  -14.85242  -14.75737  -14.75737   -54.68073   -54.66458   -54.51479    0.4
N4536      -6.69210   -6.57560   -6.45612  -14.86427  -14.73159  -14.68663   -54.55897   -54.49910   -54.42662    1.4
N4536      -5.60602   -5.48544   -5.30319  -14.69808  -14.61032  -14.51745   -54.55054   -54.47855   -54.36586    5.1
N4536      -4.54963   -4.49550   -4.35756  -14.51252  -14.40225  -14.21889   -54.47617   -54.36342   -54.27766   18.1
N4536      -4.04386   -3.99489   -3.97185  -14.45806  -14.31678  -14.17536   -54.41975   -54.31056   -54.25594   50.0
N4639      -7.96404   -7.91628   -7.84915  -14.76699  -14.67154  -14.59504   -54.61057   -54.39746   -54.39746    0.4
N4639      -5.86281   -5.71598   -4.88940  -14.70239  -14.58473  -13.77200   -54.06505   -53.87210   -52.82027    1.4
N4639      -5.03087   -4.83425   -4.62300  -14.42199  -14.12937  -13.88076   -54.01450   -53.83776   -53.18689    5.1
N4639      -4.42002   -4.32221   -4.23415  -14.22156  -14.01082  -13.72753   -53.98979   -53.80394   -53.07240   18.1
N4639      -4.01769   -3.97267   -3.92040  -14.15302  -14.02976  -13.64222   -53.90668   -53.63180   -53.20896   50.0
N4680      -8.52415   -8.32874   -8.30756  -15.95305  -15.78713  -15.47384   -55.30841   -55.30841   -54.77056    0.4
N4680      -7.42052   -7.22511   -7.12752  -15.94866  -15.78713  -15.46708   -55.30841   -55.30841   -54.85513    1.4
N4680      -6.24729   -6.14441   -5.95251  -15.88434  -15.76933  -15.45268   -55.30011   -55.30011   -54.80317    5.1
N4680      -4.61028   -4.52720   -4.39423  -14.93815  -14.68386  -14.55766   -54.95432   -54.95432   -54.66037   18.1
N4680      -3.96382   -3.92665   -3.90210  -14.84412  -14.78146  -14.60466   -54.84091   -54.84091   -54.59092   50.0
N5468      -8.86277   -8.73210   -8.73210  -15.91497  -15.82852  -15.61116   -55.64999   -55.49007   -55.49007    0.4
N5468      -6.36243   -6.19191   -5.99885  -15.39131  -15.12337  -14.90909   -54.82720   -54.53917   -54.36075    1.4
N5468      -6.14134   -6.02535   -5.81083  -15.40228  -15.21455  -14.88099   -54.80499   -54.64408   -54.35629    5.1
N5468      -5.08433   -5.04097   -4.95183  -15.20283  -15.07586  -14.89382   -54.76358   -54.61287   -54.40834   18.1
N5468      -4.05103   -4.03274   -3.99645  -14.52089  -14.43521  -14.43139   -54.59520   -54.59520   -54.27733   50.0
N5584      -8.58098   -8.48928   -8.33283  -15.63710  -15.19125  -15.19125   -55.22259   -55.10170   -54.82193    0.4
N5584      -7.27604   -7.20012   -7.07079  -15.67535  -15.25060  -15.14072   -55.21598   -55.07930   -54.83881    1.4
N5584      -5.98232   -5.84694   -5.77478  -15.30136  -15.20855  -15.05180   -55.07101   -55.02612   -54.82363    5.1
N5584      -4.68478   -4.58320   -4.51071  -14.82461  -14.66105  -14.54691   -54.88720   -54.82560   -54.64606   18.1
N5584      -4.06060   -4.02297   -3.99091  -14.51302  -14.43953  -14.30312   -54.81417   -54.75977   -54.64460   50.0
N5643      -9.05475   -8.83802   -8.77832  -16.41192  -15.83904  -15.54024   -55.93970   -55.50163   -55.28325    0.4
N5643      -7.83694   -7.80084   -7.53588  -16.42236  -15.83904  -15.63303   -55.80215   -55.50163   -55.29258    1.4
N5643      -5.40382   -5.24883   -4.62402  -14.65291  -14.50018  -13.86465   -54.95841   -54.79551   -54.23565    5.1
N5643      -4.87503   -4.78734   -4.60531  -14.57003  -14.44282  -13.97543   -54.90569   -54.69709   -54.26437   18.1
N5643      -4.06999   -4.02387   -3.98325  -14.33532  -14.29654  -13.99407   -54.75826   -54.35179   -54.29621   50.0
N5728      -8.83557   -8.75689   -8.56014  -16.14861  -16.05421  -15.41354   -55.40747   -55.28261   -55.00879    0.4
N5728      -7.31583   -7.22879   -7.14696  -15.98725  -15.82175  -15.20361   -55.44718   -55.25090   -54.87342    1.4
N5728      -6.04685   -5.88765   -5.65367  -15.52687  -15.26644  -15.00102   -55.19957   -54.84981   -54.77498    5.1
N5728      -5.09109   -4.98757   -4.92762  -15.43495  -15.28046  -15.08386   -55.10521   -55.01520   -54.73101   18.1
N5728      -4.01827   -4.00095   -3.95630  -14.47184  -14.46422  -14.41349   -54.99715   -54.92446   -54.67503   50.0
N5861      -8.75729   -8.66014   -8.36881  -16.02516  -16.02516  -15.33460   -55.38849   -55.24971   -55.03416    0.4
N5861      -7.60891   -7.46836   -7.29694  -15.94204  -15.94204  -15.32519   -55.56350   -55.23906   -55.08184    1.4
N5861      -6.26091   -6.15176   -5.97926  -15.74520  -15.41389  -15.27138   -55.31100   -55.01899   -54.91973    5.1
N5861      -5.03655   -4.97006   -4.83734  -15.15595  -14.99071  -14.81122   -55.19251   -55.10271   -54.85713   18.1
N5861      -4.06995   -4.04213   -3.99225  -14.51893  -14.44040  -14.40124   -55.03930   -54.97856   -54.82178   50.0
N5917      -8.74120   -8.63727   -8.33629  -15.84765  -15.45369  -15.17394   -55.43235   -55.26056   -54.65442    0.4
N5917      -7.47110   -7.31896   -7.13740  -15.86438  -15.65971  -14.93419   -55.34045   -55.24953   -54.82278    1.4
N5917      -6.09315   -5.95024   -5.69946  -15.55841  -15.41980  -14.79956   -55.23159   -55.07676   -54.80085    5.1
N5917      -5.16440   -5.07660   -5.00078  -15.12814  -14.90275  -14.74453   -55.16766   -55.06721   -54.74274   18.1
N5917      -4.08459   -4.06662   -4.01403  -14.47632  -14.42270  -14.34973   -54.93699   -54.93699   -54.64649   50.0
N7250      -9.54308   -9.54308   -9.17644  -16.48862  -16.48862  -16.19614   -56.03195   -55.98617   -55.58688    0.4
N7250      -8.43945   -8.43945   -8.03382  -16.48862  -16.48862  -16.19271   -56.03245   -55.98617   -55.58723    1.4
N7250      -7.26964   -7.26964   -7.05610  -16.50582  -16.50582  -15.96869   -56.02577   -55.97934   -55.57118    5.1
N7250      -5.78049   -5.72192   -5.69765  -15.99524  -15.78168  -15.72503   -55.88343   -55.88343   -55.46337   18.1
N7250      -4.32729   -4.28177   -4.26495  -15.01565  -14.91717  -14.87818   -55.53238   -55.53238   -55.30905   50.0
N7329      -6.31667   -5.81595   -5.52576  -13.86376  -13.67322  -13.36056   -51.46504   -51.04346   -50.70245    0.4
N7329      -6.15011   -5.92623   -5.74035  -13.84998  -13.65856  -13.40080   -51.45407   -51.14272   -50.80936    1.4
N7329      -5.80470   -5.66257   -5.52881  -13.88130  -13.67819  -13.28900   -51.37846   -51.06971   -50.74343    5.1
N7329      -5.09106   -5.03101   -4.97933  -13.83008  -13.61693  -13.43997   -51.45352   -51.14147   -50.76937   18.1
N7329      -4.17296   -4.15567   -4.12314  -13.82792  -13.67577  -13.48914   -51.50224   -51.17166   -50.85974   50.0
N7541      -9.09111   -9.09111   -8.77698  -16.24006  -16.07311  -15.53032   -55.72207   -55.55349   -54.96112    0.4
N7541      -7.56606   -7.37543   -7.21727  -16.04250  -15.94874  -15.50064   -55.57829   -55.42824   -54.96469    1.4
N7541      -6.54534   -6.40716   -6.30436  -15.86239  -15.52987  -15.40032   -55.44852   -55.37038   -54.82809    5.1
N7541      -5.45653   -5.37497   -5.27397  -15.56182  -15.43802  -15.32586   -55.36503   -55.21239   -54.87928   18.1
N7541      -4.36046   -4.33220   -4.30880  -15.32106  -15.26052  -15.11714   -55.25888   -55.16901   -54.83851   50.0
N7678      -9.18391   -9.09204   -8.90009  -16.35746  -16.02691  -15.81524   -55.95792   -55.95792   -55.68895    0.4
N7678      -7.03517   -6.68592   -6.50034  -15.80560  -15.51389  -15.31383   -55.55859   -55.42021   -55.11258    1.4
N7678      -6.57559   -6.40939   -6.30873  -15.82286  -15.51610  -15.24184   -55.49846   -55.41091   -55.14500    5.1
N7678      -5.44507   -5.37796   -5.29487  -15.39531  -15.21644  -15.09277   -55.45150   -55.33177   -55.05931   18.1
N7678      -4.22489   -4.19992   -4.17917  -14.75067  -14.70062  -14.69449   -55.21345   -55.11569   -55.02893   50.0
N976A      -8.76301   -8.67694   -8.45112  -15.88848  -15.48816  -15.48816   -55.48667   -55.18871   -55.07920    0.4
N976A      -6.76600   -6.50191   -6.29822  -15.53757  -15.29860  -15.14568   -55.13969   -54.89525   -54.72738    1.4
N976A      -5.88917   -5.72455   -5.62239  -15.14039  -14.97397  -14.83072   -54.88900   -54.74292   -54.54030    5.1
N976A      -5.03622   -4.99808   -4.90823  -14.99987  -14.88182  -14.77629   -54.82324   -54.64032   -54.51548   18.1
N976A      -3.97762   -3.94916   -3.92180  -14.49251  -14.44192  -14.37353   -54.71943   -54.62457   -54.48749   50.0
U9391      -8.74048   -8.58400   -8.45898  -15.79691  -15.40738  -15.40738   -55.53954   -55.26574   -55.26574    0.4
U9391      -7.63842   -7.48037   -7.37665  -15.79486  -15.40738  -15.40738   -55.54551   -55.39632   -55.27017    1.4
U9391      -6.39100   -6.33590   -6.21807  -15.85834  -15.39338  -15.39338   -55.48511   -55.25525   -55.22442    5.1
U9391      -5.21430   -5.17466   -5.07924  -15.49316  -15.29200  -15.18488   -55.39564   -55.25934   -55.12103   18.1
U9391      -4.33124   -4.29548   -4.25940  -14.84556  -14.77032  -14.73113   -55.24479   -55.12771   -55.03590   50.0
